1:    -726   -5026 62
2:    -682   -5908 62
3:    -744   -6852 62
4:    -627   -7629 61
5:    -630   -8409 60
6:    -529   -9038 59
7:    -310   -9498 59
8:    -232   -9780 57
9:    -178   -10108 57
10:    -130   -10288 55
11:    96   -10242 53
12:    247   -10195 54
13:    269   -10176 56
14:    461   -9965 58
15:    538   -9677 60
16:    626   -9501 66
17:    748   -9153 70
18:    810   -8793 75
19:    928   -8465 83
20:    895   -8170 90
21:    974   -7846 98
22:    1018   -7628 109
23:    1270   -7108 118
24:    1007   -6951 129
25:    1204   -6647 140
26:    1274   -6523 156
27:    1450   -6123 169
28:    1367   -5906 183
29:    1560   -5496 196
30:    1532   -5214 211
31:    1779   -4785 227
32:    1208   -4827 240
33:    1477   -3350 228
34:    1621   -1729 216
35:    2098   369 205
36:    2589   2958 194
37:    2821   5779 184
38:    3074   8853 174
39:    3678   12531 165
40:    3784   16315 156
41:    4404   20719 148
42:    4890   25609 140
43:    4969   30578 133
44:    5284   35862 126
45:    5879   41741 119
46:    6055   47796 113
47:    6334   54130 107
48:    6496   60626 101
49:    6630   67256 87
