1:    -546   -3696 40
2:    -600   -4446 41
3:    -451   -4947 39
4:    -472   -5569 40
5:    -414   -6033 39
6:    -536   -6669 39
7:    -287   -7006 38
8:    -477   -7583 38
9:    -429   -8012 36
10:    -29   -8091 35
11:    42   -8099 34
12:    -111   -8260 33
13:    150   -8160 32
14:    120   -8140 32
15:    192   -8098 33
16:    328   -7920 34
17:    315   -7705 34
18:    421   -7434 35
19:    482   -7102 36
20:    619   -6783 40
21:    578   -6505 44
22:    727   -6078 47
23:    929   -5449 50
24:    670   -5129 54
25:    979   -4450 57
26:    617   -4233 62
27:    758   -3925 67
28:    666   -3759 73
29:    768   -3441 78
30:    849   -3092 84
31:    995   -2597 89
32:    1164   -1933 94
33:    781   -1652 99
34:    578   -1574 104
35:    120   -1854 106
36:    603   -1751 110
37:    379   -1772 112
38:    932   -1290 115
39:    6   -1634 116
40:    664   -1420 119
41:    114   -1656 120
42:    850   -1306 124
43:    217   -1589 127
44:    909   -1280 132
45:    585   -1345 138
46:    644   -1201 141
47:    1038   -863 147
48:    618   -795 150
49:    1609   -86 157
50:    1049   113 166
51:    2024   1437 171
52:    1010   1647 178
53:    1789   2636 185
54:    1658   3194 197
55:    2562   4756 207
56:    1445   5101 218
57:    1325   5326 229
58:    2479   6655 240
59:    1650   7105 252
60:    3825   9530 267
61:    2004   10184 280
62:    2782   11666 292
63:    3985   14101 308
64:    3576   16077 324
65:    4351   18928 337
66:    2719   19947 354
67:    2565   20612 373
68:    3190   22002 390
69:    4257   24259 410
70:    5014   27273 429
71:    3803   29026 447
72:    5505   32531 464
73:    5571   35852 484
74:    4860   38562 502
75:    6849   43111 521
76:    4644   45005 546
77:    6091   48946 560
78:    4524   50820 583
79:    2826   50796 609
80:    6724   54520 638
81:    6910   58180 671
82:    4750   59480 705
83:    3878   60208 731
84:    9454   66262 761
85:    6023   68785 792
86:    5508   70493 827
87:    8326   74919 861
88:    10389   81108 899
89:    6474   83432 937
90:    13599   92581 979
91:    11488   99419 1023
92:    15036   109905 1061
93:    7194   112199 1104
94:    11791   118290 1161
95:    8620   121610 1206
96:    12872   128932 1256
97:    14343   137675 1303
98:    19046   149871 1371
99:    18865   161386 1448
100:    11026   165662 1510
101:    13416   171678 1582
102:    13863   178291 1647
103:    24452   194643 1724
104:    21582   207775 1806
105:    11514   210639 1888
106:    13275   215864 1954
107:    23568   232032 2000
108:    22780   249762 2000
109:    29376   273938 2000
110:    27152   295990 2000
111:    27860   318650 2000
112:    27992   341542 2000
113:    40577   377069 2000
114:    28338   400257 2000
115:    28938   424145 2000
116:    35828   454773 2000
117:    48424   497897 2000
118:    43018   535665 2000
119:    40862   571427 2000
120:    54758   620985 2000
121:    56541   672426 2000
122:    52166   719492 2000
123:    48070   762312 2000
124:    60172   817334 2000
125:    61524   873608 2000
126:    65292   933800 2000
127:    54770   983470 2000
128:    61869   1039989 2000
129:    53089   1087678 2000
130:    65747   1148175 2000
131:    62497   1205572 2000
132:    65376   1265748 2000
133:    54665   1315213 2000
134:    68447   1378410 2000
135:    70010   1443120 2000
136:    66014   1503934 2000
137:    63240   1561724 2000
138:    68386   1624760 2000
139:    67471   1686731 2000
140:    49659   1731040 2000
141:    60490   1786280 2000
142:    54829   1835909 2000
143:    49383   1879692 2000
144:    50246   1924538 2000
145:    58059   1976997 2000
146:    56450   2028047 2000
147:    56819   2079016 2000
148:    49774   2123290 2000
149:    52222   2169762 2000
150:    54974   2218736 2000
151:    56369   2269505 2000
152:    58159   2322164 2000
153:    50475   2366989 2000
154:    52668   2413757 2000
155:    48352   2456209 2000
156:    48933   2499592 2000
157:    51131   2545323 2000
158:    57409   2597332 2000
159:    56960   2648842 2000
160:    43021   2686513 2000
161:    49831   2731194 2000
162:    59303   2785247 2000
163:    43445   2823242 2000
164:    51622   2869714 2000
165:    42690   2906904 2000
166:    51348   2952902 2000
167:    43469   2990771 2000
168:    51685   3037056 2000
169:    44298   3075904 2000
170:    46838   3117342 2000
171:    63048   3175190 2000
172:    45737   3215277 2000
173:    49431   3259358 2000
174:    58085   3312193 2000
175:    48015   3354858 2000
176:    55427   3404785 2000
177:    53277   3452612 2000
178:    56041   3502953 2000
179:    54575   3552378 2000
180:    51057   3597935 2000
181:    58301   3650786 2000
182:    62332   3707718 2000
183:    52971   3755239 2000
184:    54799   3804638 2000
185:    61373   3860711 2000
186:    62501   3917862 2000
187:    43899   3956111 2000
188:    45783   3996444 2000
189:    47725   4038469 2000
190:    45238   4078307 2000
191:    61682   4134539 2000
192:    60101   4189290 2000
193:    47616   4231656 2000
194:    47407   4273613 2000
195:    49415   4317778 2000
196:    53870   4366348 2000
197:    48339   4409337 2000
198:    62809   4466796 2000
199:    47404   4508600 2000
200:    63775   4566975 2000
201:    46146   4607621 2000
202:    62877   4665098 2000
203:    61092   4720640 2000
204:    47442   4762682 2000
205:    61637   4818669 2000
206:    55306   4868575 2000
207:    62388   4925463 2000
208:    60969   4981082 2000
209:    48495   5024377 2000
210:    61688   5080315 2000
211:    45320   5120185 2000
212:    64327   5179262 2000
213:    46646   5220458 2000
214:    45860   5260768 2000
215:    48713   5304081 2000
216:    58765   5357296 2000
217:    44235   5396081 2000
218:    50336   5440817 2000
219:    46311   5481578 2000
220:    52003   5528031 2000
221:    43434   5565965 2000
222:    47559   5608074 2000
223:    57880   5660454 2000
224:    49208   5704062 2000
225:    48023   5746635 2000
226:    48465   5789550 2000
227:    46514   5830364 2000
228:    44927   5869691 2000
229:    52783   5917024 2000
230:    55258   5966632 2000
231:    57433   6018315 2000
232:    60730   6073695 2000
233:    50637   6118882 2000
234:    55423   6168955 2000
235:    49609   6213114 2000
236:    50251   6258115 2000
237:    52526   6305041 2000
238:    56565   6356306 2000
239:    61171   6412177 2000
240:    44753   6451480 2000
241:    51964   6497894 2000
242:    48237   6540781 2000
243:    62014   6597445 2000
244:    60472   6652617 2000
245:    62009   6708776 2000
246:    43912   6747188 2000
247:    53174   6794962 2000
248:    44245   6833707 2000
249:    42043   6870400 2000
250:    46309   6911309 2000
251:    44182   6949641 2000
252:    56153   7000244 2000
253:    52038   7046932 2000
254:    48062   7089694 2000
255:    58584   7143028 2000
256:    50839   7188367 2000
257:    53802   7236769 2000
258:    54143   7285462 2000
259:    48841   7328853 2000
260:    62796   7386099 2000
261:    60610   7441309 2000
262:    47428   7483487 2000
263:    47319   7525456 2000
264:    47707   7568063 2000
265:    59020   7621883 2000
266:    59517   7675850 2000
267:    47463   7718013 2000
268:    61632   7774245 2000
269:    61567   7830312 2000
270:    47630   7872592 2000
271:    51253   7918445 2000
272:    59765   7972910 2000
273:    64750   8032260 2000
274:    48473   8075183 2000
275:    60602   8130385 2000
276:    64121   8189056 2000
277:    47580   8231136 2000
278:    55399   8281085 2000
279:    58920   8334205 2000
280:    45745   8379950 1886
281:    58464   8438414 1785
282:    54043   8492457 1687
283:    62124   8554581 1594
284:    56269   8610850 1507
285:    58682   8669532 1420
286:    62841   8732373 1336
287:    66170   8798543 1264
288:    64990   8863533 1186
289:    65085   8928618 1113
290:    61506   8990124 1050
291:    60644   9050768 990
292:    63531   9114299 932
293:    59276   9173575 874
294:    61837   9235412 822
295:    54640   9290052 773
296:    57525   9347577 726
297:    54696   9402273 680
298:    51746   9454019 641
299:    55068   9509087 600
