32.000000 0.007000
32.100000 0.007200
32.200000 0.006800
32.300000 0.006600
32.400000 0.006800
32.500000 0.006600
32.600000 0.006600
32.700000 0.006200
32.800000 0.006200
32.900000 0.006200
33.000000 0.006000
33.100000 0.005800
33.200000 0.005800
33.300000 0.005400
33.400000 0.005600
33.500000 0.005200
33.600000 0.005000
33.700000 0.004800
33.800000 0.005000
33.900000 0.005200
34.000000 0.004800
34.100000 0.004400
34.200000 0.005200
34.300000 0.004400
34.400000 0.004400
34.500000 0.004000
34.600000 0.004000
34.700000 0.003800
34.800000 0.003600
34.900000 0.003800
35.000000 0.003600
35.100000 0.003600
35.200000 0.003400
35.300000 0.003200
35.400000 0.003000
35.500000 0.003200
35.600000 0.003000
35.700000 0.003200
35.800000 0.002400
35.900000 0.002600
36.000000 0.002200
36.100000 0.002400
36.200000 0.002200
36.300000 0.001800
36.400000 0.001800
36.500000 0.002000
36.600000 0.001400
36.700000 0.001600
36.800000 0.001800
36.900000 0.001000
37.000000 0.001200
37.100000 0.001200
37.200000 0.000600
37.300000 0.001000
37.400000 0.000600
37.500000 0.000400
37.600000 0.000400
37.700000 0.000400
37.800000 -0.000000
37.900000 0.000200
38.000000 -0.000200
38.100000 -0.000400
38.200000 -0.000400
38.300000 -0.000600
38.400000 -0.001000
38.500000 -0.001000
38.600000 -0.001200
38.700000 -0.001600
38.800000 -0.001200
38.900000 -0.001600
39.000000 -0.001600
39.100000 -0.001800
39.200000 -0.002000
39.300000 -0.002200
39.400000 -0.002000
39.500000 -0.002400
39.600000 -0.002400
39.700000 -0.002800
39.800000 -0.002600
39.900000 -0.002400
40.000000 -0.003200
40.100000 -0.003400
40.200000 -0.003400
40.300000 -0.003600
40.400000 -0.003800
40.500000 -0.003800
40.600000 -0.004000
40.700000 -0.004000
40.800000 -0.004400
40.900000 -0.004600
41.000000 -0.004400
41.100000 -0.004800
41.200000 -0.004600
41.300000 -0.004800
41.400000 -0.005200
41.500000 -0.005600
41.600000 -0.005600
41.700000 -0.005600
41.800000 -0.005400
41.900000 -0.005800
42.000000 -0.006200
42.100000 -0.006200
42.200000 -0.006800
42.300000 -0.007200
42.400000 -0.006800
42.500000 -0.007200
42.600000 -0.007000
42.700000 -0.007800
42.800000 -0.007800
42.900000 -0.007400
