35.000000 0.004000
35.100000 0.003600
35.200000 0.003200
35.300000 0.003200
35.400000 0.003200
35.500000 0.003000
35.600000 0.002600
35.700000 0.002600
35.800000 0.002400
35.900000 0.002400
36.000000 0.002800
36.100000 0.002000
36.200000 0.002000
36.300000 0.002000
36.400000 0.002000
36.500000 0.001600
36.600000 0.002000
36.700000 0.001400
36.800000 0.001400
36.900000 0.001200
37.000000 0.000800
37.100000 0.001000
37.200000 0.000800
37.300000 0.000800
37.400000 0.000400
37.500000 0.000400
37.600000 0.000400
37.700000 0.000200
37.800000 -0.000000
37.900000 -0.000200
38.000000 -0.000400
38.100000 -0.000600
38.200000 -0.000200
38.300000 -0.000800
38.400000 -0.000200
38.500000 -0.001200
38.600000 -0.001200
38.700000 -0.001400
38.800000 -0.001000
38.900000 -0.001400
39.000000 -0.001600
39.100000 -0.001800
39.200000 -0.001800
39.300000 -0.002000
39.400000 -0.001600
39.500000 -0.002600
39.600000 -0.002400
39.700000 -0.002400
39.800000 -0.003000
39.900000 -0.003000
40.000000 -0.003000
40.100000 -0.003200
40.200000 -0.003600
40.300000 -0.003600
40.400000 -0.003800
40.500000 -0.004000
40.600000 -0.004000
40.700000 -0.004200
40.800000 -0.004400
40.900000 -0.004000
